FANN_FLO_2.1
num_layers=5
learning_rate=0.600000
connection_rate=1.000000
network_type=0
learning_momentum=0.200000
training_algorithm=2
train_error_function=1
train_stop_function=0
cascade_output_change_fraction=0.010000
quickprop_decay=-0.000100
quickprop_mu=1.750000
rprop_increase_factor=1.200000
rprop_decrease_factor=0.500000
rprop_delta_min=0.000000
rprop_delta_max=50.000000
rprop_delta_zero=0.100000
cascade_output_stagnation_epochs=12
cascade_candidate_change_fraction=0.010000
cascade_candidate_stagnation_epochs=12
cascade_max_out_epochs=150
cascade_min_out_epochs=50
cascade_max_cand_epochs=150
cascade_min_cand_epochs=50
cascade_num_candidate_groups=2
bit_fail_limit=3.49999994039535522461e-01
cascade_candidate_limit=1.00000000000000000000e+03
cascade_weight_multiplier=4.00000005960464477539e-01
cascade_activation_functions_count=10
cascade_activation_functions=3 5 7 8 10 11 14 15 16 17 
cascade_activation_steepnesses_count=4
cascade_activation_steepnesses=2.50000000000000000000e-01 5.00000000000000000000e-01 7.50000000000000000000e-01 1.00000000000000000000e+00 
layer_sizes=2 5 6 5 2 
scale_included=0
neurons (num_inputs, activation_function, activation_steepness)=(0, 0, 0.00000000000000000000e+00) (0, 0, 0.00000000000000000000e+00) (2, 8, 5.00000000000000000000e-01) (2, 8, 5.00000000000000000000e-01) (2, 8, 5.00000000000000000000e-01) (2, 8, 5.00000000000000000000e-01) (0, 8, 0.00000000000000000000e+00) (5, 8, 5.00000000000000000000e-01) (5, 8, 5.00000000000000000000e-01) (5, 8, 5.00000000000000000000e-01) (5, 8, 5.00000000000000000000e-01) (5, 8, 5.00000000000000000000e-01) (0, 8, 0.00000000000000000000e+00) (6, 8, 5.00000000000000000000e-01) (6, 8, 5.00000000000000000000e-01) (6, 8, 5.00000000000000000000e-01) (6, 8, 5.00000000000000000000e-01) (0, 8, 0.00000000000000000000e+00) (5, 0, 5.00000000000000000000e-01) (0, 0, 0.00000000000000000000e+00) 
connections (connected_to_neuron, weight)=(0, -8.65745127201080322266e-01) (1, 2.82352864742279052734e-01) (0, -1.21721291542053222656e+00) (1, 5.36509156227111816406e-01) (0, 2.02924442291259765625e+00) (1, 3.69396686553955078125e-01) (0, 1.45643651485443115234e+00) (1, 8.86125981807708740234e-01) (2, 3.48293721675872802734e-01) (3, 2.50903908163309097290e-02) (4, 1.33558964729309082031e+00) (5, 5.81034481525421142578e-01) (6, 1.65394806861877441406e+00) (2, -7.81930327415466308594e-01) (3, 1.45511344075202941895e-01) (4, 2.67705619335174560547e-01) (5, 6.32680714130401611328e-01) (6, 1.98062586784362792969e+00) (2, 8.67369651794433593750e-01) (3, 5.71815204620361328125e+00) (4, 1.95864868164062500000e+00) (5, 2.32160544395446777344e+00) (6, 6.99771106243133544922e-01) (2, 2.25365638732910156250e+00) (3, -3.27347159385681152344e-01) (4, 1.75810500979423522949e-01) (5, 8.88989388942718505859e-01) (6, 3.53004622459411621094e+00) (2, 7.90511190891265869141e-01) (3, 2.45192551612854003906e+00) (4, 9.05760705471038818359e-01) (5, 1.33455801010131835938e+00) (6, 1.61053344607353210449e-01) (7, -1.43430948257446289062e-01) (8, -3.66648919880390167236e-02) (9, -7.15282142162322998047e-01) (10, 2.70928293466567993164e-02) (11, -1.76890695095062255859e+00) (12, 4.12181079387664794922e-01) (7, -5.16458690166473388672e-01) (8, 4.60738390684127807617e-01) (9, -7.40053534507751464844e-01) (10, 6.14143431186676025391e-01) (11, 2.12447181344032287598e-01) (12, 2.74248212575912475586e-01) (7, 2.24814796447753906250e+00) (8, 1.34618294239044189453e+00) (9, 1.31511890888214111328e+00) (10, 6.43464982509613037109e-01) (11, 1.30006718635559082031e+00) (12, 6.76474571228027343750e-01) (7, 3.12796545028686523438e+00) (8, 7.18577814102172851562e+00) (9, -1.15805225372314453125e+01) (10, 4.39317750930786132812e+00) (11, -8.52409744262695312500e+00) (12, 6.48499202728271484375e+00) (13, 1.49566364288330078125e+00) (14, 2.25681090354919433594e+00) (15, 3.27631187438964843750e+00) (16, 4.15075451135635375977e-01) (17, 2.58379101753234863281e+00) 
