FANN_FLO_2.1
num_layers=5
learning_rate=0.600000
connection_rate=1.000000
network_type=0
learning_momentum=0.200000
training_algorithm=2
train_error_function=1
train_stop_function=0
cascade_output_change_fraction=0.010000
quickprop_decay=-0.000100
quickprop_mu=1.750000
rprop_increase_factor=1.200000
rprop_decrease_factor=0.500000
rprop_delta_min=0.000000
rprop_delta_max=50.000000
rprop_delta_zero=0.100000
cascade_output_stagnation_epochs=12
cascade_candidate_change_fraction=0.010000
cascade_candidate_stagnation_epochs=12
cascade_max_out_epochs=150
cascade_min_out_epochs=50
cascade_max_cand_epochs=150
cascade_min_cand_epochs=50
cascade_num_candidate_groups=2
bit_fail_limit=3.49999994039535522461e-01
cascade_candidate_limit=1.00000000000000000000e+03
cascade_weight_multiplier=4.00000005960464477539e-01
cascade_activation_functions_count=10
cascade_activation_functions=3 5 7 8 10 11 14 15 16 17 
cascade_activation_steepnesses_count=4
cascade_activation_steepnesses=2.50000000000000000000e-01 5.00000000000000000000e-01 7.50000000000000000000e-01 1.00000000000000000000e+00 
layer_sizes=2 5 6 5 2 
scale_included=0
neurons (num_inputs, activation_function, activation_steepness)=(0, 0, 0.00000000000000000000e+00) (0, 0, 0.00000000000000000000e+00) (2, 8, 5.00000000000000000000e-01) (2, 8, 5.00000000000000000000e-01) (2, 8, 5.00000000000000000000e-01) (2, 8, 5.00000000000000000000e-01) (0, 8, 0.00000000000000000000e+00) (5, 8, 5.00000000000000000000e-01) (5, 8, 5.00000000000000000000e-01) (5, 8, 5.00000000000000000000e-01) (5, 8, 5.00000000000000000000e-01) (5, 8, 5.00000000000000000000e-01) (0, 8, 0.00000000000000000000e+00) (6, 8, 5.00000000000000000000e-01) (6, 8, 5.00000000000000000000e-01) (6, 8, 5.00000000000000000000e-01) (6, 8, 5.00000000000000000000e-01) (0, 8, 0.00000000000000000000e+00) (5, 0, 5.00000000000000000000e-01) (0, 0, 0.00000000000000000000e+00) 
connections (connected_to_neuron, weight)=(0, 9.27312433719635009766e-01) (1, 5.86618363857269287109e-01) (0, 1.21302008628845214844e+00) (1, -4.21627640724182128906e-01) (0, -1.06967973709106445312e+00) (1, 3.67301166057586669922e-01) (0, 1.50000000000000000000e+03) (1, 1.50000000000000000000e+03) (2, 1.43993651866912841797e+00) (3, 2.47557520866394042969e-01) (4, 5.45064687728881835938e-01) (5, -6.11026883125305175781e-01) (6, 1.77486610412597656250e+00) (2, 7.89860188961029052734e-01) (3, 5.47178030014038085938e-01) (4, -1.64848536252975463867e-01) (5, -1.10290706157684326172e-01) (6, -5.01953184604644775391e-01) (2, 7.38946497440338134766e-01) (3, 1.25063693523406982422e+00) (4, 3.31795394420623779297e-01) (5, -1.01071333885192871094e+00) (6, 2.35567137598991394043e-01) (2, 5.51952980458736419678e-02) (3, -5.84372878074645996094e-01) (4, -1.71989589929580688477e-01) (5, 9.26551818847656250000e-01) (6, 1.20658409595489501953e+00) (2, -6.00622749328613281250e+00) (3, -1.31861848831176757812e+01) (4, 9.37842726707458496094e-01) (5, -4.80822801589965820312e-01) (6, 2.25726819038391113281e+00) (7, -5.60309708118438720703e-01) (8, -3.55295598506927490234e-01) (9, -3.99522900581359863281e+00) (10, 7.25975930690765380859e-01) (11, 8.39039459824562072754e-02) (12, -3.16876858472824096680e-01) (7, 1.50000000000000000000e+03) (8, 1.50000000000000000000e+03) (9, 1.50000000000000000000e+03) (10, 1.50000000000000000000e+03) (11, 1.50000000000000000000e+03) (12, 1.50000000000000000000e+03) (7, 6.99284970760345458984e-02) (8, 1.39788746833801269531e+00) (9, 3.45946860313415527344e+00) (10, -1.56460571289062500000e+00) (11, 3.00961613655090332031e+00) (12, 1.51163470745086669922e+00) (7, 2.77831047773361206055e-01) (8, -8.30471575260162353516e-01) (9, 9.56570088863372802734e-01) (10, -1.65842330455780029297e+00) (11, -6.85306549072265625000e-01) (12, -5.15653312206268310547e-01) (13, -1.02702248096466064453e+00) (14, -7.67362952232360839844e-01) (15, 1.43589764833450317383e-01) (16, 2.66991329193115234375e+00) (17, 2.27201342582702636719e+00) 
