FANN_FLO_2.1
num_layers=5
learning_rate=0.600000
connection_rate=1.000000
network_type=0
learning_momentum=0.200000
training_algorithm=2
train_error_function=1
train_stop_function=0
cascade_output_change_fraction=0.010000
quickprop_decay=-0.000100
quickprop_mu=1.750000
rprop_increase_factor=1.200000
rprop_decrease_factor=0.500000
rprop_delta_min=0.000000
rprop_delta_max=50.000000
rprop_delta_zero=0.100000
cascade_output_stagnation_epochs=12
cascade_candidate_change_fraction=0.010000
cascade_candidate_stagnation_epochs=12
cascade_max_out_epochs=150
cascade_min_out_epochs=50
cascade_max_cand_epochs=150
cascade_min_cand_epochs=50
cascade_num_candidate_groups=2
bit_fail_limit=3.49999994039535522461e-01
cascade_candidate_limit=1.00000000000000000000e+03
cascade_weight_multiplier=4.00000005960464477539e-01
cascade_activation_functions_count=10
cascade_activation_functions=3 5 7 8 10 11 14 15 16 17 
cascade_activation_steepnesses_count=4
cascade_activation_steepnesses=2.50000000000000000000e-01 5.00000000000000000000e-01 7.50000000000000000000e-01 1.00000000000000000000e+00 
layer_sizes=2 5 6 5 2 
scale_included=0
neurons (num_inputs, activation_function, activation_steepness)=(0, 0, 0.00000000000000000000e+00) (0, 0, 0.00000000000000000000e+00) (2, 8, 5.00000000000000000000e-01) (2, 8, 5.00000000000000000000e-01) (2, 8, 5.00000000000000000000e-01) (2, 8, 5.00000000000000000000e-01) (0, 8, 0.00000000000000000000e+00) (5, 8, 5.00000000000000000000e-01) (5, 8, 5.00000000000000000000e-01) (5, 8, 5.00000000000000000000e-01) (5, 8, 5.00000000000000000000e-01) (5, 8, 5.00000000000000000000e-01) (0, 8, 0.00000000000000000000e+00) (6, 8, 5.00000000000000000000e-01) (6, 8, 5.00000000000000000000e-01) (6, 8, 5.00000000000000000000e-01) (6, 8, 5.00000000000000000000e-01) (0, 8, 0.00000000000000000000e+00) (5, 0, 5.00000000000000000000e-01) (0, 0, 0.00000000000000000000e+00) 
connections (connected_to_neuron, weight)=(0, 1.11328649520874023438e+00) (1, -7.66603574156761169434e-02) (0, 1.50000000000000000000e+03) (1, 1.50000000000000000000e+03) (0, 4.31063264608383178711e-01) (1, 9.90370810031890869141e-01) (0, 1.50000000000000000000e+03) (1, 1.50000000000000000000e+03) (2, 1.35057139396667480469e+00) (3, 3.39977324008941650391e-01) (4, 7.01277315616607666016e-01) (5, 9.91430103778839111328e-01) (6, -4.17559266090393066406e-01) (2, -9.26872611045837402344e-01) (3, -4.36175614595413208008e-01) (4, 1.95339894294738769531e+00) (5, 1.48930892348289489746e-01) (6, 4.38662469387054443359e-01) (2, -1.15373921394348144531e+00) (3, 4.53459620475769042969e-01) (4, -1.36183750629425048828e+00) (5, 1.38647568225860595703e+00) (6, 1.18026226758956909180e-01) (2, 5.86867034435272216797e-01) (3, 7.99423098564147949219e-01) (4, 1.69058895111083984375e+00) (5, 1.19101606309413909912e-01) (6, 7.08292007446289062500e-01) (2, -1.96751797199249267578e+00) (3, 1.48910105228424072266e+00) (4, -1.28019475936889648438e+00) (5, 1.19356596469879150391e+00) (6, 5.53054153919219970703e-01) (7, 1.00912678241729736328e+00) (8, -8.02079319953918457031e-01) (9, -5.33260405063629150391e-01) (10, -7.43476748466491699219e-02) (11, 6.43841147422790527344e-01) (12, -4.84582483768463134766e-01) (7, 3.22623074054718017578e-01) (8, 3.18939447402954101562e-01) (9, -1.98541676998138427734e+00) (10, 3.87879252433776855469e+00) (11, -8.96837139129638671875e+00) (12, 5.57080209255218505859e-01) (7, 7.18854069709777832031e-01) (8, 1.96616744995117187500e+00) (9, -5.74655711650848388672e-01) (10, 9.05535340309143066406e-01) (11, -1.11273789405822753906e+00) (12, 7.51109182834625244141e-01) (7, 9.07619535923004150391e-01) (8, -8.68248566985130310059e-02) (9, -4.32875871658325195312e-01) (10, 1.17819046974182128906e+00) (11, 3.57111334800720214844e-01) (12, 1.54634308815002441406e+00) (13, 1.30075347423553466797e+00) (14, -2.21529573202133178711e-01) (15, 2.28001594543457031250e+00) (16, 1.51725018024444580078e+00) (17, 6.48321032524108886719e-01) 
