FANN_FLO_2.1
num_layers=5
learning_rate=0.600000
connection_rate=1.000000
network_type=0
learning_momentum=0.200000
training_algorithm=2
train_error_function=1
train_stop_function=0
cascade_output_change_fraction=0.010000
quickprop_decay=-0.000100
quickprop_mu=1.750000
rprop_increase_factor=1.200000
rprop_decrease_factor=0.500000
rprop_delta_min=0.000000
rprop_delta_max=50.000000
rprop_delta_zero=0.100000
cascade_output_stagnation_epochs=12
cascade_candidate_change_fraction=0.010000
cascade_candidate_stagnation_epochs=12
cascade_max_out_epochs=150
cascade_min_out_epochs=50
cascade_max_cand_epochs=150
cascade_min_cand_epochs=50
cascade_num_candidate_groups=2
bit_fail_limit=3.49999994039535522461e-01
cascade_candidate_limit=1.00000000000000000000e+03
cascade_weight_multiplier=4.00000005960464477539e-01
cascade_activation_functions_count=10
cascade_activation_functions=3 5 7 8 10 11 14 15 16 17 
cascade_activation_steepnesses_count=4
cascade_activation_steepnesses=2.50000000000000000000e-01 5.00000000000000000000e-01 7.50000000000000000000e-01 1.00000000000000000000e+00 
layer_sizes=2 5 6 5 2 
scale_included=0
neurons (num_inputs, activation_function, activation_steepness)=(0, 0, 0.00000000000000000000e+00) (0, 0, 0.00000000000000000000e+00) (2, 7, 5.00000000000000000000e-01) (2, 7, 5.00000000000000000000e-01) (2, 7, 5.00000000000000000000e-01) (2, 7, 5.00000000000000000000e-01) (0, 7, 0.00000000000000000000e+00) (5, 7, 5.00000000000000000000e-01) (5, 7, 5.00000000000000000000e-01) (5, 7, 5.00000000000000000000e-01) (5, 7, 5.00000000000000000000e-01) (5, 7, 5.00000000000000000000e-01) (0, 7, 0.00000000000000000000e+00) (6, 7, 5.00000000000000000000e-01) (6, 7, 5.00000000000000000000e-01) (6, 7, 5.00000000000000000000e-01) (6, 7, 5.00000000000000000000e-01) (0, 7, 0.00000000000000000000e+00) (5, 0, 5.00000000000000000000e-01) (0, 0, 0.00000000000000000000e+00) 
connections (connected_to_neuron, weight)=(0, -7.28043075650930404663e-03) (1, 1.21225394308567047119e-01) (0, 2.16396689414978027344e+00) (1, 6.75419032573699951172e-01) (0, 2.39211797714233398438e+00) (1, 1.17440596222877502441e-01) (0, 1.15562343597412109375e+00) (1, -2.31820195913314819336e-01) (2, -7.96382129192352294922e-01) (3, 2.59006619453430175781e+00) (4, 2.46024084091186523438e+00) (5, 3.81495332717895507812e+00) (6, 4.07572597265243530273e-01) (2, 1.89786362648010253906e+00) (3, 1.56886839866638183594e+00) (4, 1.67053246498107910156e+00) (5, 8.03786292672157287598e-02) (6, 1.16396296024322509766e+00) (2, -6.42104772850871086121e-03) (3, 3.08450150489807128906e+00) (4, 2.28854203224182128906e+00) (5, 1.61066508293151855469e+00) (6, 1.65343916416168212891e+00) (2, -4.08874392509460449219e-01) (3, 2.51971316337585449219e+00) (4, 3.21403098106384277344e+00) (5, 2.73706412315368652344e+00) (6, 2.66598105430603027344e-01) (2, 1.97997462749481201172e+00) (3, -1.16261851787567138672e+00) (4, -3.02455353736877441406e+00) (5, -5.13887929916381835938e+00) (6, 1.40307569503784179688e+00) (7, 6.82180166244506835938e-01) (8, -3.34030818939208984375e+00) (9, 7.99922704696655273438e-01) (10, -4.58039224147796630859e-01) (11, -1.84640061855316162109e+00) (12, 1.61271750926971435547e+00) (7, -1.86188912391662597656e+00) (8, -1.37321138381958007812e+00) (9, -3.04754853248596191406e-01) (10, -1.20298373699188232422e+00) (11, -9.33827757835388183594e-01) (12, 2.08193380385637283325e-02) (7, 1.38131630420684814453e+00) (8, 1.15896868705749511719e+00) (9, 3.17626214027404785156e+00) (10, 2.16551494598388671875e+00) (11, 2.31125664710998535156e+00) (12, 2.78362900018692016602e-01) (7, -1.92984163761138916016e+00) (8, 4.71698015928268432617e-01) (9, -8.60251635313034057617e-02) (10, -5.33111929893493652344e-01) (11, -4.41030216217041015625e+00) (12, -1.88414782285690307617e-01) (13, -5.39240241050720214844e-01) (14, 7.77492761611938476562e+00) (15, 5.46037197113037109375e+00) (16, 4.40584754943847656250e+00) (17, -1.42751306295394897461e-01) 
