FANN_FLO_2.1
num_layers=5
learning_rate=0.600000
connection_rate=1.000000
network_type=0
learning_momentum=0.200000
training_algorithm=2
train_error_function=1
train_stop_function=0
cascade_output_change_fraction=0.010000
quickprop_decay=-0.000100
quickprop_mu=1.750000
rprop_increase_factor=1.200000
rprop_decrease_factor=0.500000
rprop_delta_min=0.000000
rprop_delta_max=50.000000
rprop_delta_zero=0.100000
cascade_output_stagnation_epochs=12
cascade_candidate_change_fraction=0.010000
cascade_candidate_stagnation_epochs=12
cascade_max_out_epochs=150
cascade_min_out_epochs=50
cascade_max_cand_epochs=150
cascade_min_cand_epochs=50
cascade_num_candidate_groups=2
bit_fail_limit=3.49999994039535522461e-01
cascade_candidate_limit=1.00000000000000000000e+03
cascade_weight_multiplier=4.00000005960464477539e-01
cascade_activation_functions_count=10
cascade_activation_functions=3 5 7 8 10 11 14 15 16 17 
cascade_activation_steepnesses_count=4
cascade_activation_steepnesses=2.50000000000000000000e-01 5.00000000000000000000e-01 7.50000000000000000000e-01 1.00000000000000000000e+00 
layer_sizes=2 5 6 5 2 
scale_included=0
neurons (num_inputs, activation_function, activation_steepness)=(0, 0, 0.00000000000000000000e+00) (0, 0, 0.00000000000000000000e+00) (2, 8, 5.00000000000000000000e-01) (2, 8, 5.00000000000000000000e-01) (2, 8, 5.00000000000000000000e-01) (2, 8, 5.00000000000000000000e-01) (0, 8, 0.00000000000000000000e+00) (5, 8, 5.00000000000000000000e-01) (5, 8, 5.00000000000000000000e-01) (5, 8, 5.00000000000000000000e-01) (5, 8, 5.00000000000000000000e-01) (5, 8, 5.00000000000000000000e-01) (0, 8, 0.00000000000000000000e+00) (6, 8, 5.00000000000000000000e-01) (6, 8, 5.00000000000000000000e-01) (6, 8, 5.00000000000000000000e-01) (6, 8, 5.00000000000000000000e-01) (0, 8, 0.00000000000000000000e+00) (5, 0, 5.00000000000000000000e-01) (0, 0, 0.00000000000000000000e+00) 
connections (connected_to_neuron, weight)=(0, 2.23866057395935058594e+00) (1, -5.53992867469787597656e-01) (0, 1.91619193553924560547e+00) (1, -1.18400919437408447266e+00) (0, 1.30876660346984863281e+00) (1, -1.45118486881256103516e+00) (0, -1.07601797580718994141e+00) (1, -3.48616421222686767578e-01) (2, 1.35253190994262695312e-01) (3, 8.77773404121398925781e-01) (4, 5.39327979087829589844e-01) (5, 6.61619424819946289062e-01) (6, -2.19924673438072204590e-01) (2, -1.11796595156192779541e-01) (3, 8.15035462379455566406e-01) (4, 4.62479852139949798584e-02) (5, -5.37633776664733886719e-01) (6, -1.09890654683113098145e-01) (2, 8.95613431930541992188e-01) (3, 1.06424081325531005859e+00) (4, 2.42009714245796203613e-01) (5, 6.00498139858245849609e-01) (6, 1.48101925849914550781e+00) (2, 2.04417586326599121094e+00) (3, -4.19267416000366210938e-01) (4, 5.19255816470831632614e-04) (5, 5.60220956802368164062e+00) (6, 5.75226724147796630859e-01) (2, 1.14465020596981048584e-02) (3, 4.65458393096923828125e-01) (4, 9.21236455440521240234e-01) (5, -2.22452774643898010254e-01) (6, 2.19864010810852050781e-01) (7, -8.10371264815330505371e-02) (8, -9.40838456153869628906e-02) (9, 1.31410586833953857422e+00) (10, 1.34919989109039306641e+00) (11, 4.73510384559631347656e-01) (12, 1.70956611633300781250e+00) (7, -1.86225891113281250000e-01) (8, 1.63725352287292480469e+00) (9, -1.14181056618690490723e-01) (10, 1.15335178375244140625e+00) (11, 4.21239510178565979004e-02) (12, 6.19865179061889648438e-01) (7, -5.53670525550842285156e-01) (8, -1.18076745420694351196e-02) (9, -5.48689544200897216797e-01) (10, -9.46505367755889892578e-03) (11, -5.14971911907196044922e-01) (12, -7.41611242294311523438e-01) (7, 6.45625710487365722656e-01) (8, -8.77090632915496826172e-01) (9, -5.29734969139099121094e-01) (10, 3.33347380161285400391e-01) (11, -6.10331058502197265625e-01) (12, -3.73181775212287902832e-02) (13, 8.38911756873130798340e-02) (14, -6.44168257713317871094e-01) (15, 2.64620035886764526367e-01) (16, 1.45443427562713623047e+00) (17, 9.25902664661407470703e-01) 
