FANN_FLO_2.1
num_layers=5
learning_rate=0.600000
connection_rate=1.000000
network_type=0
learning_momentum=0.200000
training_algorithm=2
train_error_function=1
train_stop_function=0
cascade_output_change_fraction=0.010000
quickprop_decay=-0.000100
quickprop_mu=1.750000
rprop_increase_factor=1.200000
rprop_decrease_factor=0.500000
rprop_delta_min=0.000000
rprop_delta_max=50.000000
rprop_delta_zero=0.100000
cascade_output_stagnation_epochs=12
cascade_candidate_change_fraction=0.010000
cascade_candidate_stagnation_epochs=12
cascade_max_out_epochs=150
cascade_min_out_epochs=50
cascade_max_cand_epochs=150
cascade_min_cand_epochs=50
cascade_num_candidate_groups=2
bit_fail_limit=3.49999994039535522461e-01
cascade_candidate_limit=1.00000000000000000000e+03
cascade_weight_multiplier=4.00000005960464477539e-01
cascade_activation_functions_count=10
cascade_activation_functions=3 5 7 8 10 11 14 15 16 17 
cascade_activation_steepnesses_count=4
cascade_activation_steepnesses=2.50000000000000000000e-01 5.00000000000000000000e-01 7.50000000000000000000e-01 1.00000000000000000000e+00 
layer_sizes=2 4 6 4 2 
scale_included=0
neurons (num_inputs, activation_function, activation_steepness)=(0, 0, 0.00000000000000000000e+00) (0, 0, 0.00000000000000000000e+00) (2, 8, 5.00000000000000000000e-01) (2, 8, 5.00000000000000000000e-01) (2, 8, 5.00000000000000000000e-01) (0, 8, 0.00000000000000000000e+00) (4, 8, 5.00000000000000000000e-01) (4, 8, 5.00000000000000000000e-01) (4, 8, 5.00000000000000000000e-01) (4, 8, 5.00000000000000000000e-01) (4, 8, 5.00000000000000000000e-01) (0, 8, 0.00000000000000000000e+00) (6, 8, 5.00000000000000000000e-01) (6, 8, 5.00000000000000000000e-01) (6, 8, 5.00000000000000000000e-01) (0, 8, 0.00000000000000000000e+00) (4, 0, 5.00000000000000000000e-01) (0, 0, 0.00000000000000000000e+00) 
connections (connected_to_neuron, weight)=(0, 1.04932510852813720703e+00) (1, 6.92047536373138427734e-01) (0, 1.23500812053680419922e+00) (1, -3.19098305702209472656e+00) (0, 1.50000000000000000000e+03) (1, 1.50000000000000000000e+03) (2, 3.21683995425701141357e-02) (3, -1.11692450940608978271e-01) (4, -4.48056459426879882812e-01) (5, 1.17451941967010498047e+00) (2, -1.50089889764785766602e-01) (3, 1.37324321269989013672e+00) (4, 6.91853836178779602051e-02) (5, 1.09054076671600341797e+00) (2, 2.01375555992126464844e+00) (3, 8.79041478037834167480e-03) (4, 1.18459749221801757812e+00) (5, 6.24950289726257324219e-01) (2, -2.35014081001281738281e-01) (3, 5.80525517463684082031e-01) (4, 1.34743762016296386719e+00) (5, 1.83343648910522460938e+00) (2, 4.38474267721176147461e-01) (3, 4.40320402383804321289e-01) (4, 5.17965197563171386719e-01) (5, 3.07987689971923828125e-01) (6, -2.63285589218139648438e+00) (7, 2.03724026679992675781e+00) (8, 8.67844104766845703125e+00) (9, 1.13579845428466796875e+00) (10, 1.79149472713470458984e+00) (11, 1.29305243492126464844e+00) (6, 2.23481789231300354004e-01) (7, 5.02875089645385742188e-01) (8, 2.69609236717224121094e+00) (9, 1.93785345554351806641e+00) (10, 1.08890339732170104980e-01) (11, 1.62570524215698242188e+00) (6, 1.86757540702819824219e+00) (7, 4.63073343038558959961e-01) (8, 5.20584344863891601562e+00) (9, 1.25318157672882080078e+00) (10, 2.07520866394042968750e+00) (11, 3.77088904380798339844e-01) (12, -1.60786271095275878906e-01) (13, -4.98946934938430786133e-01) (14, -7.55830168724060058594e-01) (15, 1.02752566337585449219e+00) 
